5	    3       0	    0.0278
10	    8       0	    0.0278
15	    14      0	    0.0278
20	    17      0	    0.0278
25	    23      0	    0.0327
30	    29      0	    0.0327
35	    32      0	    0.0327
40	    38      0	    0.0327
45	    44      0	    0.0327
50	    47      0	    0.0327
55	    53      0	    0.0473
60	    59      0	    0.0473
65	    62      0	    0.0473
70	    68      0	    0.0473
75	    74      0	    0.0473
80	    77      0	    0.0473
85	    83      0	    0.0766
90	    89      0	    0.0766
95	    92      0	    0.0766
100	    98      0	    0.0766
105	    103     0	    0.0766
110	    107     0	    0.0766
115	    113     0	    0.113
120	    118     0	    0.113
125	    122     0.113	0.113
130	    128     0.113	0.113
135	    133     0.113	0.113
140	    137     0.113	0.113
145	    143     0.113	0.155
150	    148     0.113	0.155
155	    152     0.113	0.155
160	    158     0.113	0.155
165	    163     0.113	0.155
170	    167     0.113	0.155
175	    173     0.113	0.208
180	    178     0.113	0.208
185	    182     0.113	0.208
190	    188     0.113	0.208
195	    193     0.113	0.208
200	    197     0.113	0.208
205	    203     0.113	0.273
210	    208     0.113	0.273
215	    212     0.113	0.273
220	    218     0.113	0.273
225	    223     0.113	0.273
230	    227     0.113	0.273
235	    233     0.113	0.34
240	    238     0.113	0.34
245	    242     0.113	0.34
250	    248     0.113	0.34
255	    253     0.113	0.34
260	    257     0.113	0.34
265	    263     0.113	0.4
270	    268     0.113	0.4
275	    272     0.113	0.4
280	    278     0.113	0.4
285	    283     0.113	0.4
290	    287     0.113	0.4
295	    293     0.113	0.476
300	    298     0.113	0.476
305	    302     0.475	0.476
310	    308     0.475	0.476
315	    313     0.475	0.476
320	    317     0.475	0.476
325	    323     0.475	0.563
330	    328     0.475	0.563
335	    332     0.475	0.563
340	    338     0.475	0.563
345	    343     0.475	0.563
350	    347     0.475	0.563
355	    353     0.475	0.654
360	    358     0.475	0.654
365	    362     0.475	0.654
370	    368     0.475	0.654
375	    373     0.475	0.654
380	    376     0.475	0.654
385	    382     0.475	0.749
390	    388     0.475	0.749
395	    391     0.475	0.749
400	    397     0.475	0.749
405	    403     0.475	0.749
410	    406     0.475	0.749
415	    412     0.475	0.81
420	    418     0.475	0.81
425	    421     0.475	0.81
430	    427     0.475	0.81
435	    433     0.475	0.81
440	    436     0.475	0.81
445	    442     0.475	0.891
450	    448     0.475	0.891
455	    451     0.475	0.891
460	    457     0.475	0.891
465	    463     0.475	0.891
470	    466     0.475	0.891
475	    472     0.475	0.949
480	    478     0.475	0.949
485	    481     0.88	0.949
490	    487     0.88	0.949
495	    493     0.88	0.949
500	    496     0.88	0.949
505	    502     0.88	1.02
510	    508     0.88	1.02
515	    511     0.88	1.02
520	    517     0.88	1.02
525	    523     0.88	1.02
530	    526     0.88	1.02
535	    532     0.88	1.07
540	    538     0.88	1.07
545	    541     0.88	1.07
550	    547     0.88	1.07
555	    553     0.88	1.07
560	    556     0.88	1.07
565	    562     0.88	1.15
570	    568     0.88	1.15
575	    571     0.88	1.15
580	    577     0.88	1.15
585	    583     0.88	1.15
590	    586     0.88	1.15
595	    592     0.88	1.21
600	    598     0.88	1.21
605	    601     0.88	1.21
610	    607     0.88	1.21
615	    613     0.88	1.21
620	    616     0.88	1.21
625	    622     0.88	1.26
630	    628     0.88	1.26
635	    631     0.88	1.26
640	    637     0.88	1.26
645	    643     0.88	1.26
650	    646     0.88	1.26
655	    652     0.88	1.32
660	    658     0.88	1.32
665	    661     1.24	1.32
670	    667     1.24	1.32
675	    673     1.24	1.32
680	    676     1.24	1.32
685	    682     1.24	1.4
690	    688     1.24	1.4
695	    691     1.24	1.4
700	    697     1.24	1.4
705	    703     1.24	1.4
710	    706     1.24	1.4
715	    712     1.24	1.47
720	    718     1.24	1.47
725	    721     1.24	1.47
730	    727     1.24	1.47
735	    733     1.24	1.47
740	    736     1.24	1.47
745	    742     1.24	1.51
750	    748     1.24	1.51
755	    751     1.24	1.51
760	    757     1.24	1.51
765	    763     1.24	1.51
770	    766     1.24	1.51
775	    772     1.24	1.59
780	    778     1.24	1.59
785	    781     1.24	1.59
790	    787     1.24	1.59
795	    793     1.24	1.59
800	    796     1.24	1.59
805	    802     1.24	1.66
810	    808     1.24	1.66
815	    811     1.24	1.66
820	    817     1.24	1.66
825	    823     1.24	1.66
830	    826     1.24	1.66
835	    832     1.24	1.75
840	    838     1.24	1.75
845	    841     1.62	1.75
850	    847     1.62	1.75
855	    853     1.62	1.75
860	    856     1.62	1.75
865	    862     1.62	1.81
870	    868     1.62	1.81
875	    871     1.62	1.81
880	    877     1.62	1.81
885	    883     1.62	1.81
890	    886     1.62	1.81
895	    892     1.62	1.87
900	    898     1.62	1.87
905	    901     1.62	1.87
910	    907     1.62	1.87
915	    913     1.62	1.87
920	    916     1.62	1.87
925	    922     1.62	1.91
930	    928     1.62	1.91
935	    931     1.62	1.91
940	    937     1.62	1.91
945	    943     1.62	1.91
950	    946     1.62	1.91
955	    952     1.62	1.99
960	    958     1.62	1.99
965	    961     1.62	1.99
970	    967     1.62	1.99
975	    973     1.62	1.99
980	    976     1.62	1.99
985	    982     1.62	2.01
990	    988     1.62	2.01
995	    991     1.62	2.01
1000	997     1.62	2.01
1005	1000    1.62	2.01
1010	1000    1.62	2.01
1015	1000    1.62	2.12
1020	1000    1.62	2.12
1025	1000    1.96	2.12
1030	1000    1.96	2.12
1035	1000    1.96	2.12
1040	1000    1.96	2.12
1045	1000    1.96	2.12
1050	1000    1.96	2.12
1055	1000    1.96	2.12
1060	1000    1.96	2.12
1065	1000    1.96	2.12
1070	1000    1.96	2.12
1075	1000    1.96	2.19
1080	1000    1.96	2.19
1085	1000    1.96	2.19
1090	1000    1.96	2.19
1095	1000    1.96	2.19
1100	1000    1.96	2.19
1105	1000    1.96	2.22
1110	1000    1.96	2.22
1115	1000    1.96	2.22
1120	1000    1.96	2.22
1125	1000    1.96	2.22
1130	1000    1.96	2.22
1135	1000    1.96	2.27
1140	1000    1.96	2.27
1145	1000    1.96	2.27
1150	1000    1.96	2.27
1155	1000    1.96	2.27
1160	1000    1.96	2.27
1165	1000    1.96	2.3
1170	1000    1.96	2.3
1175	1000    1.96	2.3
1180	1000    1.96	2.3
1185	1000    1.96	2.3
1190	1000    1.96	2.3
1195	1000    1.96	2.33
1200	1000    1.96	2.33
1205	1000    2.24	2.33
1210	1000    2.24	2.33
1215	1000    2.24	2.33
1220	1000    2.24	2.33
1225	1000    2.24	2.34
1230	1000    2.24	2.34
1235	1000    2.24	2.34
1240	1000    2.24	2.34
1245	1000    2.24	2.34
1250	1000    2.24	2.34
1255	1000    2.24	2.37
1260	1000    2.24	2.37
1265	1000    2.24	2.37
1270	1000    2.24	2.37
1275	1000    2.24	2.37
1280	1000    2.24	2.37
1285	1000    2.24	2.36
1290	1000    2.24	2.36
1295	1000    2.24	2.36
1300	1000    2.24	2.36
1305	1000    2.24	2.36
1310	1000    2.24	2.36
1315	1000    2.24	2.42
1320	1000    2.24	2.42
1325	1000    2.24	2.42
1330	1000    2.24	2.42
1335	1000    2.24	2.42
1340	1000    2.24	2.42
1345	1000    2.24	2.42
1350	1000    2.24	2.42
1355	1000    2.24	2.42
1360	1000    2.24	2.42
1365	1000    2.24	2.42
1370	1000    2.24	2.42
1375	1000    2.24	2.39
1380	1000    2.24	2.39
1385	1000    2.35	2.39
1390	1000    2.35	2.39
1395	1000    2.35	2.39
1400	1000    2.35	2.39
1405	1000    2.35	2.38
1410	1000    2.35	2.38
1415	1000    2.35	2.38
1420	1000    2.35	2.38
1425	1000    2.35	2.38
1430	1000    2.35	2.38
1435	1000    2.35	2.36
1440	1000    2.35	2.36
1445	1000    2.35	2.36
1450	1000    2.35	2.36
1455	1000    2.35	2.36
1460	1000    2.35	2.36
1465	1000    2.35	2.4
1470	1000    2.35	2.4
1475	1000    2.35	2.4
1480	1000    2.35	2.4
1485	1000    2.35	2.4
1490	1000    2.35	2.4
1495	1000    2.35	2.38
1500	1000    2.35	2.38
1505	1000    2.35	2.38
1510	1000    2.35	2.38
1515	1000    2.35	2.38
1520	1000    2.35	2.38
1525	1000    2.35	2.38
1530	1000    2.35	2.38
1535	1000    2.35	2.38
1540	1000    2.35	2.38
1545	1000    2.35	2.38
1550	1000    2.35	2.38
1555	1000    2.35	2.36
1560	1000    2.35	2.36
1565	1000    2.35	2.36
1570	1000    2.35	2.36
1575	1000    2.35	2.36
1580	1000    2.35	2.36
1585	1000    2.35	2.36
1590	1000    2.35	2.36
1595	1000    2.35	2.36
1600	1000    2.35	2.36
