5	3	21	425
10	8	21	425
15	14	21	425
20	17	21	408
25	23	21	408
30	29	21	408
35	32	21	408
40	38	21	408
45	44	21	408
50	47	21	422
55	53	21	422
60	59	21	422
65	62	21	422
70	68	21	422
75	74	21	422
80	77	21	440
85	83	21	440
90	89	21	440
95	92	21	440
100	98	21	440
105	103	21	440
110	107	21	464
115	113	21	464
120	118	21	464
125	122	464	464
130	128	464	464
135	133	464	464
140	137	464	474
145	143	464	474
150	148	464	474
155	152	464	474
160	158	464	474
165	163	464	474
170	167	464	503
175	173	464	503
180	178	464	503
185	182	464	503
190	188	464	503
195	193	464	503
200	197	464	561
205	203	464	561
210	208	464	561
215	212	464	561
220	218	464	561
225	223	464	561
230	227	464	603
235	233	464	603
240	238	464	603
245	242	464	603
250	248	464	603
255	253	464	603
260	257	464	640
265	263	464	640
270	268	464	640
275	272	464	640
280	278	464	640
285	283	464	640
290	287	464	701
295	293	464	701
300	298	464	701
305	302	701	701
310	308	701	701
315	313	701	701
320	317	701	713
325	323	701	713
330	328	701	713
335	332	701	713
340	338	701	713
345	343	701	713
350	347	701	722
355	353	701	722
360	358	701	722
365	362	701	722
370	368	701	722
375	373	701	722
380	376	701	727
385	382	701	727
390	388	701	727
395	391	701	727
400	397	701	727
405	403	701	727
410	406	701	754
415	412	701	754
420	418	701	754
425	421	701	754
430	427	701	754
435	433	701	754
440	436	701	757
445	442	701	757
450	448	701	757
455	451	701	757
460	457	701	757
465	463	701	757
470	466	701	757
475	472	701	757
480	478	701	757
485	481	757	757
490	487	757	757
495	493	757	757
500	496	757	758
505	502	757	758
510	508	757	758
515	511	757	758
520	517	757	758
525	523	757	758
530	526	757	759
535	532	757	759
540	538	757	759
545	541	757	759
550	547	757	759
555	553	757	759
560	556	757	761
565	562	757	761
570	568	757	761
575	571	757	761
580	577	757	761
585	583	757	761
590	586	757	763
595	592	757	763
600	598	757	763
605	601	757	763
610	607	757	763
615	613	757	763
620	616	757	764
625	622	757	764
630	628	757	764
635	631	757	764
640	637	757	764
645	643	757	764
650	646	757	768
655	652	757	768
660	658	757	768
665	661	768	768
670	667	768	768
675	673	768	768
680	676	768	767
685	682	768	767
690	688	768	767
695	691	768	767
700	697	768	767
705	703	768	767
710	706	768	770
715	712	768	770
720	718	768	770
725	721	768	770
730	727	768	770
735	733	768	770
740	736	768	770
745	742	768	770
750	748	768	770
755	751	768	770
760	757	768	770
765	763	768	770
770	766	768	772
775	772	768	772
780	778	768	772
785	781	768	772
790	787	768	772
795	793	768	772
800	796	768	773
805	802	768	773
810	808	768	773
815	811	768	773
820	817	768	773
825	823	768	773
830	826	768	776
835	832	768	776
840	838	768	776
845	841	776	776
850	847	776	776
855	853	776	776
860	856	776	776
865	862	776	776
870	868	776	776
875	871	776	776
880	877	776	776
885	883	776	776
890	886	776	779
895	892	776	779
900	898	776	779
905	901	776	779
910	907	776	779
915	913	776	779
920	916	776	780
925	922	776	780
930	928	776	780
935	931	776	780
940	937	776	780
945	943	776	780
950	946	776	782
955	952	776	782
960	958	776	782
965	961	776	782
970	967	776	782
975	973	776	782
980	976	776	785
985	982	776	785
990	988	776	785
995	991	776	785
1000	997	776	785
1005	1000	776	785
1010	1000	776	785
1015	1000	776	785
1020	1000	776	785
1025	1000	785	785
1030	1000	785	785
1035	1000	785	785
1040	1000	785	787
1045	1000	785	787
1050	1000	785	787
1055	1000	785	787
1060	1000	785	787
1065	1000	785	787
1070	1000	785	789
1075	1000	785	789
1080	1000	785	789
1085	1000	785	789
1090	1000	785	789
1095	1000	785	789
1100	1000	785	790
1105	1000	785	790
1110	1000	785	790
1115	1000	785	790
1120	1000	785	790
1125	1000	785	790
1130	1000	785	793
1135	1000	785	793
1140	1000	785	793
1145	1000	785	793
1150	1000	785	793
1155	1000	785	793
1160	1000	785	794
1165	1000	785	794
1170	1000	785	794
1175	1000	785	794
1180	1000	785	794
1185	1000	785	794
1190	1000	785	794
1195	1000	785	794
1200	1000	785	794
1205	1000	795	794
1210	1000	795	794
1215	1000	795	794
1220	1000	795	797
1225	1000	795	797
1230	1000	795	797
1235	1000	795	797
1240	1000	795	797
1245	1000	795	797
1250	1000	795	799
1255	1000	795	799
1260	1000	795	799
1265	1000	795	799
1270	1000	795	799
1275	1000	795	799
1280	1000	795	800
1285	1000	795	800
1290	1000	795	800
1295	1000	795	800
1300	1000	795	800
1305	1000	795	800
1310	1000	795	803
1315	1000	795	803
1320	1000	795	803
1325	1000	795	803
1330	1000	795	803
1335	1000	795	803
1340	1000	795	805
1345	1000	795	805
1350	1000	795	805
1355	1000	795	805
1360	1000	795	805
1365	1000	795	805
1370	1000	795	806
1375	1000	795	806
1380	1000	795	806
1385	1000	806	806
1390	1000	806	806
1395	1000	806	806
1400	1000	806	808
1405	1000	806	808
1410	1000	806	808
1415	1000	806	808
1420	1000	806	808
1425	1000	806	808
1430	1000	806	809
1435	1000	806	809
1440	1000	806	809
1445	1000	806	809
1450	1000	806	809
1455	1000	806	809
1460	1000	806	811
1465	1000	806	811
1470	1000	806	811
1475	1000	806	811
1480	1000	806	811
1485	1000	806	811
1490	1000	806	813
1495	1000	806	813
1500	1000	806	813
1505	1000	806	813
1510	1000	806	813
1515	1000	806	813
1520	1000	806	815
1525	1000	806	815
1530	1000	806	815
1535	1000	806	815
1540	1000	806	815
1545	1000	806	815
1550	1000	806	816
1555	1000	806	816
1560	1000	806	816
1565	1000	816	816
1570	1000	816	828
1575	1000	816	828
1580	1000	816	828
1585	1000	816	828
1590	1000	816	828
1595	1000	816	828
1600	1000	816	828
