0       1000
1		1060
2		1120
3		1180
4		1240
5		1300
6		1360
7		1420
8		1480
9		1540
10		1600
11		1660
12		1720
13		1780
14		1840
15		1910
16		1980
17		2000
18		2000
19		2000
20		2000
21		2000
22		2000
23		2000
24		2000
25		2000
26		2000
27      2000
28      2000
29      2000
30      2000
31      2000
32      2000
33		1940
34		1880
35		1820
36		1760
37		1700
38		1640
39		1580
40		1520
41		1460
42		1400
43		1340
44		1280
45		1220
46		1160
47		1100
48		1040
49		1015
50		1015
51		1015
52		1015
53		1015
54		1015
55		1015
56		1015
57		1015
58		1015
59		1015
60		1015
61		1015
62		1015
63		1015
64		1015
65		1015
